"","Country","Year","Coal","Oil","Cement"
"1","Afghanistan",1949,"100","0","0"
"2","Afghanistan",1950,"25","75","0"
"3","Afghanistan",1951,"28","72","0"
"4","Afghanistan",1952,"34.61572052","65.38427948","0"
"5","Afghanistan",1953,"35.71468905","64.28531095","0"
"6","Afghanistan",1954,"39.99962355","60.00037645","0"
"7","Afghanistan",1955,"40.47619048","59.52380952","0"
"8","Afghanistan",1956,"34","66","0"
"9","Afghanistan",1957,"26.25","73.75","0"
"10","Afghanistan",1958,"27.77777778","72.22222222","0"
"11","Afghanistan",1959,"28.58249842","66.69249631","4.725005266"
"12","Afghanistan",1960,"30.71263757","64.93542892","4.351933508"
"13","Afghanistan",1961,"35.83388685","59.72314476","4.44296839"
"14","Afghanistan",1962,"43.09999797","52.67777529","4.22222674"
"15","Afghanistan",1963,"37.32765842","55.47304793","7.199293654"
"16","Afghanistan",1964,"35.82942481","56.80274664","7.367828552"
"17","Afghanistan",1965,"37.8438342","53.85468713","8.301478672"
"18","Afghanistan",1966,"39.28739991","52.71898962","7.993610464"
"19","Afghanistan",1967,"39.08855744","54.50881405","6.402628506"
"20","Afghanistan",1968,"37.93331667","56.69155395","5.375129372"
"21","Afghanistan",1969,"38.53842623","56.0558927","5.405681065"
"22","Afghanistan",1970,"37.79038493","58.11469243","4.094922642"
"23","Afghanistan",1971,"31.23011545","65.00962808","3.76025647"
"24","Afghanistan",1972,"22.06464628","72.55874066","5.376613059"
"25","Afghanistan",1973,"28.77884066","65.00631154","6.214847805"
"26","Afghanistan",1974,"26.58978454","67.27526595","6.134949516"
"27","Afghanistan",1975,"29.70204016","65.12644389","5.171515948"
"28","Afghanistan",1976,"30.63697523","63.65095715","5.71206762"
"29","Afghanistan",1977,"30.24321566","65.40402736","4.352756988"
"30","Afghanistan",1978,"36.70853578","59.62217778","3.669286433"
"31","Afghanistan",1979,"22.25436269","73.71757641","4.028060905"
"32","Afghanistan",1980,"24.97520371","73.1831477","1.841648593"
"33","Afghanistan",1981,"24.13962617","73.47996099","2.380412835"
"34","Afghanistan",1982,"27.15528103","70.08648723","2.758231745"
"35","Afghanistan",1983,"23.87663984","75.72305779","0.4003023679"
"36","Afghanistan",1984,"24.93744295","72.01566801","3.046889045"
"37","Afghanistan",1985,"20.19905309","78.20177227","1.599174646"
"38","Afghanistan",1986,"26.52929636","71.12595836","2.34474528"
"39","Afghanistan",1987,"17.72007638","80.54586722","1.734056397"
"40","Afghanistan",1988,"16.42790017","81.64666384","1.925435985"
"41","Afghanistan",1989,"15.01795224","83.08845314","1.893594622"
"42","Afghanistan",1990,"17.45157736","79.68022822","2.868194415"
"43","Afghanistan",1991,"16.64759336","80.30027783","3.052128807"
"44","Afghanistan",1992,"2.00340097","93.82594543","4.170653602"
"45","Afghanistan",1993,"1.645683898","94.13311894","4.221197163"
"46","Afghanistan",1994,"1.34323105","94.36086136","4.295907593"
"47","Afghanistan",1995,"1.366003331","94.25422985","4.379766821"
"48","Afghanistan",1996,"0.7043823966","94.73943234","4.556185262"
"49","Afghanistan",1997,"0.3663853446","94.89380425","4.739810408"
"50","Afghanistan",1998,"0.3690899274","94.85611134","4.774798733"
"51","Afghanistan",1999,"0.4426018806","93.83159868","5.725799438"
"52","Afghanistan",2000,"0.4570630208","98.26854947","1.274387506"
"53","Afghanistan",2001,"8.30476245","90.91529419","0.7799433593"
"54","Afghanistan",2002,"6.944353436","91.66536455","1.390282013"
"55","Afghanistan",2003,"8.398593115","90.70431167","0.8970952117"
"56","Afghanistan",2004,"9.068597605","89.96048824","0.9709141562"
"57","Afghanistan",2005,"6.812386881","92.78940751","0.3982056064"
"58","Afghanistan",2006,"8.794206263","90.54042535","0.6653683869"
"59","Afghanistan",2007,"29.99262078","69.54171387","0.4656653557"
"60","Afghanistan",2008,"27.24350956","72.37134227","0.3851481691"
"61","Afghanistan",2009,"24.73778697","75.05190671","0.2103063166"
"62","Afghanistan",2010,"27.75048689","72.06977999","0.1797331173"
"63","Afghanistan",2011,"36.25696628","63.61651753","0.1265161909"
"64","Afghanistan",2012,"32.12932193","67.57327496","0.2974031045"
"65","Afghanistan",2013,"37.15673229","62.4462263","0.3970414105"
"66","Afghanistan",2014,"41.64238603","58.03573746","0.3218765117"
"67","Afghanistan",2015,"29.90087775","69.66596259","0.4331596551"
"68","Afghanistan",2016,"32.90375461","66.22613045","0.8701149474"
"69","Afghanistan",2017,"36.03675393","63.49515198","0.4680940862"
"70","Afghanistan",2018,"36.55321918","62.90634957","0.5404312505"
"71","Afghanistan",2019,"36.49638263","63.14989998","0.3537173871"
"72","Afghanistan",2020,"36.30693331","63.16225978","0.5308069045"
"73","Afghanistan",2021,"36.12723795","63.76740223","0.1053598233"
"74","Albania",1949,"0","100","0"
"75","Albania",1950,"14.63707259","82.94318664","2.419740771"
"76","Albania",1951,"18.69440214","79.45120909","1.854388771"
"77","Albania",1952,"21.00340699","77.01249228","1.984100732"
"78","Albania",1953,"28.70798402","69.45480004","1.837215944"
"79","Albania",1954,"33.33749474","65.12440832","1.538096941"
"80","Albania",1955,"35.09769049","61.42095835","3.481351159"
"81","Albania",1956,"31.49210587","64.37356934","4.134324793"
"82","Albania",1957,"18.99123901","78.49712125","2.511639736"
"83","Albania",1958,"25.4912097","70.98817891","3.520611389"
"84","Albania",1959,"24.6702406","72.66994785","2.659811545"
"85","Albania",1960,"16.82677497","81.29790156","1.875323472"
"86","Albania",1961,"14.66982258","82.68457471","2.645602708"
"87","Albania",1962,"15.25728498","82.29687048","2.445844538"
"88","Albania",1963,"14.13222664","82.59093493","3.276838422"
"89","Albania",1964,"17.27206939","79.52744036","3.200490255"
"90","Albania",1965,"18.91957388","77.60523326","3.475192861"
"91","Albania",1966,"19.49474404","77.67911988","2.826136088"
"92","Albania",1967,"20.55315812","75.16994194","4.276899939"
"93","Albania",1968,"20.1838466","74.71784207","5.098311329"
"94","Albania",1969,"22.417378","72.26027163","5.32235037"
"95","Albania",1970,"25.08768621","69.89449505","5.017818739"
"96","Albania",1971,"24.09235402","71.56321454","4.344431432"
"97","Albania",1972,"20.16750403","76.15796435","3.674531623"
"98","Albania",1973,"23.75639379","71.04576702","5.19783919"
"99","Albania",1974,"30.93042182","61.95459534","7.114982842"
"100","Albania",1975,"31.21457943","60.79583784","7.989582725"
"101","Albania",1976,"29.75430453","62.0810404","8.164655062"
"102","Albania",1977,"33.85846622","58.6685487","7.472985081"
"103","Albania",1978,"36.57858167","56.50759622","6.913822105"
"104","Albania",1979,"38.9805094","54.8496327","6.169857906"
"105","Albania",1980,"52.82212449","35.74241547","11.43546004"
"106","Albania",1981,"40.46693697","53.47017054","6.062892489"
"107","Albania",1982,"44.69885702","48.79340881","6.507734169"
"108","Albania",1983,"46.62442525","47.00975108","6.365823666"
"109","Albania",1984,"50.13802662","43.43854892","6.423424461"
"110","Albania",1985,"53.86847414","39.87115409","6.260371778"
"111","Albania",1986,"52.92176175","40.94638286","6.131855393"
"112","Albania",1987,"53.39274856","40.34583986","6.261411575"
"113","Albania",1988,"57.61348886","36.95463887","5.431872269"
"114","Albania",1989,"47.49937377","47.97136393","4.529262301"
"115","Albania",1990,"49.43051554","42.97990574","7.589578725"
"116","Albania",1991,"36.86423309","55.47884583","7.656921084"
"117","Albania",1992,"34.49492663","61.07815108","4.426922297"
"118","Albania",1993,"27.51172103","67.77276613","4.715512845"
"119","Albania",1994,"9.235905085","87.94187885","2.82221606"
"120","Albania",1995,"7.911397219","87.02536941","5.063233369"
"121","Albania",1996,"5.75534319","88.9293351","5.315321706"
"122","Albania",1997,"2.918806747","93.64504979","3.436143468"
"123","Albania",1998,"3.185325607","94.2852314","2.529442991"
"124","Albania",1999,"3.722071611","94.41614855","1.861779841"
"125","Albania",2000,"2.315408517","94.56644408","3.118147407"
"126","Albania",2001,"2.514285714","97.48571429","0"
"127","Albania",2002,"2.263779528","97.73622047","0"
"128","Albania",2003,"1.969961086","90.96081187","7.069227049"
"129","Albania",2004,"2.033734037","90.7222227","7.244043258"
"130","Albania",2005,"1.727017291","92.22285543","6.050127281"
"131","Albania",2006,"1.882609125","91.0244212","7.092969673"
"132","Albania",2007,"1.869497769","86.18377053","11.9467317"
"133","Albania",2008,"2.341007309","86.61727045","11.04172224"
"134","Albania",2009,"8.85058037","77.81831043","13.3311092"
"135","Albania",2010,"9.009425169","73.38446313","17.6061117"
"136","Albania",2011,"10.1212329","71.4032184","18.4755487"
"137","Albania",2012,"12.99682124","65.44013502","21.56304374"
"138","Albania",2013,"15.13224307","63.38805968","21.47969725"
"139","Albania",2014,"17.3524646","65.02545243","17.62208297"
"140","Albania",2015,"6.987443138","72.33591703","20.67663983"
"141","Albania",2016,"4.299997788","75.82880715","19.87119506"
"142","Albania",2017,"5.118561839","76.0277795","18.85365866"
"143","Albania",2018,"9.806212286","69.0995889","21.09419882"
"144","Albania",2019,"6.701825588","71.51152531","21.7866491"
"145","Albania",2020,"7.209593504","69.98999825","22.80040825"
"146","Albania",2021,"3.902847815","72.64200194","23.45515025"
"147","Algeria",1949,"91.92666544","0","8.073334557"
"148","Algeria",1950,"49.77517473","45.99845914","4.226366124"
"149","Algeria",1951,"49.40110317","45.23260793","5.366288897"
"150","Algeria",1952,"47.38734657","46.44525221","6.167401221"
"151","Algeria",1953,"38.70024201","54.93235069","6.367407301"
"152","Algeria",1954,"35.737285","56.38549412","7.877220877"
"153","Algeria",1955,"34.59921877","58.14259522","7.258186011"
"154","Algeria",1956,"35.25674302","58.27257489","6.470682093"
"155","Algeria",1957,"35.66670267","57.96666333","6.366634002"
"156","Algeria",1958,"34.71374551","57.27065301","8.015601485"
"157","Algeria",1959,"25.84287797","65.8054236","8.35169843"
"158","Algeria",1960,"20.43086915","71.06130291","8.507827933"
"159","Algeria",1961,"13.65284577","76.88710414","9.460050093"
"160","Algeria",1962,"8.173573585","83.13483648","8.691589932"
"161","Algeria",1963,"5.251034667","85.6907976","9.058167729"
"162","Algeria",1964,"6.336759621","84.92903803","8.734202348"
"163","Algeria",1965,"5.487053854","86.87825914","7.634687003"
"164","Algeria",1966,"4.126539333","90.89539341","4.978067258"
"165","Algeria",1967,"2.867858645","91.71645206","5.415689293"
"166","Algeria",1968,"2.813242987","91.20003717","5.986719839"
"167","Algeria",1969,"5.127230193","89.53903922","5.333730591"
"168","Algeria",1970,"11.74656759","82.71356648","5.539865936"
"169","Algeria",1971,"10.02062171","84.68647369","5.292904606"
"170","Algeria",1972,"7.753030784","86.77262137","5.474347841"
"171","Algeria",1973,"7.674152947","87.67034549","4.655501562"
"172","Algeria",1974,"6.496683073","89.18483256","4.31848437"
"173","Algeria",1975,"6.304810745","89.96035218","3.734837076"
"174","Algeria",1976,"4.762078071","89.64613897","5.591782955"
"175","Algeria",1977,"3.939306171","90.3652961","5.695397725"
"176","Algeria",1978,"3.795942584","87.42834427","8.77571315"
"177","Algeria",1979,"4.94071688","84.8831359","10.17614722"
"178","Algeria",1980,"7.228996992","83.68510869","9.085894315"
"179","Algeria",1981,"8.587551261","81.67238309","9.740065644"
"180","Algeria",1982,"8.683284079","81.96762411","9.34909181"
"181","Algeria",1983,"11.45078088","80.11548514","8.433733975"
"182","Algeria",1984,"13.67062345","77.29686454","9.032512008"
"183","Algeria",1985,"10.79846225","78.95732752","10.24421023"
"184","Algeria",1986,"9.541766862","79.66862331","10.78960983"
"185","Algeria",1987,"9.377204417","79.27789611","11.34489947"
"186","Algeria",1988,"8.834653684","81.02421995","10.14112637"
"187","Algeria",1989,"9.52132615","80.20110922","10.27756463"
"188","Algeria",1990,"10.09850029","79.64358945","10.25791026"
"189","Algeria",1991,"8.477301754","82.16284016","9.359858083"
"190","Algeria",1992,"6.982840456","84.21370146","8.803458085"
"191","Algeria",1993,"5.845921139","85.07207143","9.08200743"
"192","Algeria",1994,"6.429760742","85.63741826","7.932821001"
"193","Algeria",1995,"6.011698342","84.152391","9.835910658"
"194","Algeria",1996,"4.421686773","86.1307736","9.447539626"
"195","Algeria",1997,"3.984010749","86.58090204","9.435087207"
"196","Algeria",1998,"5.46094726","85.62120609","8.917846649"
"197","Algeria",1999,"7.816391879","79.82472825","12.35887987"
"198","Algeria",2000,"6.017163884","82.35079245","11.63204366"
"199","Algeria",2001,"6.106690332","82.92074092","10.97256875"
"200","Algeria",2002,"7.214177105","81.56478328","11.22103962"
"201","Algeria",2003,"7.193187009","82.40499914","10.40181385"
"202","Algeria",2004,"4.852823055","82.79378305","12.3533939"
"203","Algeria",2005,"6.047717826","79.46419935","14.48808283"
"204","Algeria",2006,"6.071869854","79.22266013","14.70547001"
"205","Algeria",2007,"6.231198405","79.2847982","14.4840034"
"206","Algeria",2008,"6.273100058","77.91327419","15.81362576"
"207","Algeria",2009,"2.913491065","82.05998281","15.02652612"
"208","Algeria",2010,"2.218480316","82.7319529","15.04956678"
"209","Algeria",2011,"1.866040764","83.5542336","14.57972564"
"210","Algeria",2012,"1.810426084","84.75098553","13.43858839"
"211","Algeria",2013,"1.21027436","86.61407918","12.17564646"
"212","Algeria",2014,"0.8935097911","86.55649623","12.54999398"
"213","Algeria",2015,"0.782439931","86.65093893","12.56662114"
"214","Algeria",2016,"0","85.35613356","14.64386644"
"215","Algeria",2017,"1.1777437","81.92645694","16.89579936"
"216","Algeria",2018,"1.93782409","80.02199179","18.04018412"
"217","Algeria",2019,"1.536887728","82.99193733","15.47117494"
"218","Algeria",2020,"1.647805887","81.81013173","16.54206239"
"219","Algeria",2021,"1.607673777","82.2089337","16.18339253"
"220","Andorra",1990,"0","100","0"
"221","Andorra",1991,"0","100","0"
"222","Andorra",1992,"0","100","0"
"223","Andorra",1993,"0","100","0"
"224","Andorra",1994,"0","100","0"
"225","Andorra",1995,"0","100","0"
"226","Andorra",1996,"0","100","0"
"227","Andorra",1997,"0","100","0"
"228","Andorra",1998,"0","100","0"
"229","Andorra",1999,"0","100","0"
"230","Andorra",2000,"0","100","0"
"231","Andorra",2001,"0","100","0"
"232","Andorra",2002,"0","100","0"
"233","Andorra",2003,"0","100","0"
"234","Andorra",2004,"0","100","0"
"235","Andorra",2005,"0","100","0"
"236","Andorra",2006,"0","100","0"
"237","Andorra",2007,"0","100","0"
"238","Andorra",2008,"0","100","0"
"239","Andorra",2009,"0","100","0"
"240","Andorra",2010,"0","100","0"
"241","Andorra",2011,"0","100","0"
"242","Andorra",2012,"0","100","0"
"243","Andorra",2013,"0","100","0"
"244","Andorra",2014,"0","100","0"
"245","Andorra",2015,"0","100","0"
"246","Andorra",2016,"0","100","0"
"247","Andorra",2017,"0","100","0"
"248","Andorra",2018,"0","100","0"
"249","Andorra",2019,"0","100","0"
"250","Andorra",2020,"0","100","0"
"251","Andorra",2021,"0","100","0"
"252","Angola",1950,"31.99974313","68.00025687","0"
"253","Angola",1951,"38.23529412","61.76470588","0"
"254","Angola",1952,"38.82352941","61.17647059","0"
"255","Angola",1953,"25.34430849","69.3633706","5.29232091"
"256","Angola",1954,"21.88614708","71.91129762","6.202555295"
"257","Angola",1955,"20.36859342","70.84728147","8.784125104"
"258","Angola",1956,"8.034911515","83.27090116","8.694187328"
"259","Angola",1957,"13.02900849","76.39736795","10.57362356"
"260","Angola",1958,"7.415940697","78.48537237","14.09868693"
"261","Angola",1959,"8.88469298","78.77761109","12.33769593"
"262","Angola",1960,"22.54317781","62.98831772","14.46850447"
"263","Angola",1961,"13.84024016","69.20164159","16.95811825"
"264","Angola",1962,"7.74438016","85.18852099","7.067098851"
"265","Angola",1963,"1.912112744","89.86929895","8.218588303"
"266","Angola",1964,"6.291856991","85.08987549","8.618267515"
"267","Angola",1965,"4.633458528","85.25563691","10.11090456"
"268","Angola",1966,"5.664278638","85.90822601","8.427495353"
"269","Angola",1967,"5.541355999","80.53437385","13.92427015"
"270","Angola",1968,"6.131512951","84.745849","9.122638046"
"271","Angola",1969,"3.29564984","89.90500856","6.799341596"
"272","Angola",1970,"2.365749214","86.62337191","11.01087888"
"273","Angola",1971,"1.513983445","84.97091834","13.51509821"
"274","Angola",1972,"0.2623587564","88.67776132","11.05987993"
"275","Angola",1973,"0.754576059","86.1474334","13.09799054"
"276","Angola",1974,"0","86.75189655","13.24810345"
"277","Angola",1975,"0","87.08020791","12.91979209"
"278","Angola",1976,"0","92.92372307","7.076276926"
"279","Angola",1977,"0","88.05445578","11.94554422"
"280","Angola",1978,"0","93.38908446","6.610915542"
"281","Angola",1979,"0","93.66385707","6.336142927"
"282","Angola",1980,"0","95.91424442","4.085755584"
"283","Angola",1981,"0","95.99735358","4.002646424"
"284","Angola",1982,"0","94.99123166","5.00876834"
"285","Angola",1983,"0","96.23576146","3.764238538"
"286","Angola",1984,"0","93.59510427","6.404895728"
"287","Angola",1985,"0","92.6837064","7.316293597"
"288","Angola",1986,"0","92.44249553","7.557504472"
"289","Angola",1987,"0","95.09550459","4.904495411"
"290","Angola",1988,"0","81.87871355","18.12128645"
"291","Angola",1989,"0","80.73794361","19.26205639"
"292","Angola",1990,"0","95.86582974","4.134170261"
"293","Angola",1991,"0","95.53631448","4.463685515"
"294","Angola",1992,"0","94.9110675","5.088932499"
"295","Angola",1993,"0","96.67215526","3.327844743"
"296","Angola",1994,"0","92.97992452","7.020075485"
"297","Angola",1995,"0","99.04111599","0.9588840074"
"298","Angola",1996,"0","98.46352536","1.536474643"
"299","Angola",1997,"0","96.45925432","3.540745684"
"300","Angola",1998,"0","95.11326188","4.886738121"
"301","Angola",1999,"0","97.78945917","2.210540835"
"302","Angola",2000,"0","97.83234034","2.167659662"
"303","Angola",2001,"0","95.10322532","4.896774676"
"304","Angola",2002,"0","95.44692927","4.553070735"
"305","Angola",2003,"0","96.07060385","3.929396153"
"306","Angola",2004,"0","94.37596884","5.62403116"
"307","Angola",2005,"0","90.08351857","9.91648143"
"308","Angola",2006,"0","93.50253589","6.497464107"
"309","Angola",2007,"0","94.19826623","5.801733772"
"310","Angola",2008,"0","93.72084148","6.279158516"
"311","Angola",2009,"0","94.66343834","5.336561664"
"312","Angola",2010,"0","95.85311075","4.146889251"
"313","Angola",2011,"0","94.93744526","5.062554742"
"314","Angola",2012,"0","93.77124299","6.228757011"
"315","Angola",2013,"0","91.80440463","8.195595372"
"316","Angola",2014,"0","89.84225799","10.15774201"
"317","Angola",2015,"0","89.49481967","10.50518033"
"318","Angola",2016,"0","91.38954528","8.610454723"
"319","Angola",2017,"0","93.6112718","6.388728203"
"320","Angola",2018,"0","93.42817329","6.571826706"
"321","Angola",2019,"0","92.5172554","7.4827446"
"322","Angola",2020,"0","92.10143686","7.898563142"
"323","Angola",2021,"0","92.52115378","7.478846219"
"324","Anguilla",1990,"0","100","0"
"325","Anguilla",1991,"0","100","0"
"326","Anguilla",1992,"0","100","0"
"327","Anguilla",1993,"0","100","0"
"328","Anguilla",1994,"0","100","0"
"329","Anguilla",1995,"0","100","0"
"330","Anguilla",1996,"0","100","0"
"331","Anguilla",1997,"0","100","0"
"332","Anguilla",1998,"0","100","0"
"333","Anguilla",1999,"0","100","0"
"334","Anguilla",2000,"0","100","0"
"335","Anguilla",2001,"0","100","0"
"336","Anguilla",2002,"0","100","0"
"337","Anguilla",2003,"0","100","0"
"338","Anguilla",2004,"0","100","0"
"339","Anguilla",2005,"0","100","0"
"340","Anguilla",2006,"0","100","0"
"341","Anguilla",2007,"0","100","0"
"342","Anguilla",2008,"0","100","0"
"343","Anguilla",2009,"0","100","0"
"344","Anguilla",2010,"0","100","0"
"345","Anguilla",2011,"0","100","0"
"346","Anguilla",2012,"0","100","0"
"347","Anguilla",2013,"0","100","0"
"348","Anguilla",2014,"0","100","0"
"349","Anguilla",2015,"0","100","0"
"350","Anguilla",2016,"0","100","0"
"351","Anguilla",2017,"0","100","0"
"352","Anguilla",2018,"0","100","0"
"353","Anguilla",2019,"0","100","0"
"354","Anguilla",2020,"0","100","0"
"355","Anguilla",2021,"0","100","0"
"356","Antarctica",1987,"0","100","0"
"357","Antarctica",1988,"0","100","0"
"358","Antarctica",1989,"0","100","0"
"359","Antarctica",1990,"0","100","0"
"360","Antarctica",1991,"0","100","0"
"361","Antarctica",1992,"0","100","0"
"362","Antarctica",1993,"0","100","0"
"363","Antarctica",1994,"0","100","0"
"364","Antarctica",1995,"0","100","0"
"365","Antarctica",1996,"0","100","0"
"366","Antarctica",1997,"0","100","0"
"367","Antarctica",1998,"0","100","0"
"368","Antarctica",1999,"0","100","0"
"369","Antarctica",2000,"0","100","0"
"370","Antarctica",2001,"0","100","0"
"371","Antarctica",2002,"0","100","0"
"372","Antarctica",2003,"0","100","0"
"373","Antarctica",2004,"0","100","0"
"374","Antarctica",2005,"0","100","0"
"375","Antarctica",2006,"0","100","0"
"376","Antarctica",2007,"0","100","0"
"377","Antigua and Barbuda",1957,"0","100","0"
"378","Antigua and Barbuda",1958,"0","100","0"
"379","Antigua and Barbuda",1959,"0","100","0"
"380","Antigua and Barbuda",1960,"0","100","0"
"381","Antigua and Barbuda",1961,"0","100","0"
"382","Antigua and Barbuda",1962,"0","100","0"
"383","Antigua and Barbuda",1963,"0","100","0"
"384","Antigua and Barbuda",1964,"0","100","0"
"385","Antigua and Barbuda",1965,"0","100","0"
"386","Antigua and Barbuda",1966,"0","100","0"
"387","Antigua and Barbuda",1967,"0","100","0"
"388","Antigua and Barbuda",1968,"0","100","0"
"389","Antigua and Barbuda",1969,"0","100","0"
"390","Antigua and Barbuda",1970,"0","100","0"
"391","Antigua and Barbuda",1971,"0","100","0"
"392","Antigua and Barbuda",1972,"0","100","0"
"393","Antigua and Barbuda",1973,"0","100","0"
"394","Antigua and Barbuda",1974,"0","100","0"
"395","Antigua and Barbuda",1975,"0","100","0"
"396","Antigua and Barbuda",1976,"0","100","0"
"397","Antigua and Barbuda",1977,"0","100","0"
"398","Antigua and Barbuda",1978,"0","100","0"
"399","Antigua and Barbuda",1979,"0","100","0"
"400","Antigua and Barbuda",1980,"0","100","0"
"401","Antigua and Barbuda",1981,"0","100","0"
"402","Antigua and Barbuda",1982,"0","100","0"
"403","Antigua and Barbuda",1983,"0","100","0"
"404","Antigua and Barbuda",1984,"0","100","0"
"405","Antigua and Barbuda",1985,"0","100","0"
"406","Antigua and Barbuda",1986,"0","100","0"
"407","Antigua and Barbuda",1987,"0","100","0"
"408","Antigua and Barbuda",1988,"0","100","0"
"409","Antigua and Barbuda",1989,"0","100","0"
"410","Antigua and Barbuda",1990,"0","100","0"
"411","Antigua and Barbuda",1991,"0","100","0"
"412","Antigua and Barbuda",1992,"0","100","0"
"413","Antigua and Barbuda",1993,"0","100","0"
"414","Antigua and Barbuda",1994,"0","100","0"
"415","Antigua and Barbuda",1995,"0","100","0"
"416","Antigua and Barbuda",1996,"0","100","0"
"417","Antigua and Barbuda",1997,"0","100","0"
"418","Antigua and Barbuda",1998,"0","100","0"
"419","Antigua and Barbuda",1999,"0","100","0"
"420","Antigua and Barbuda",2000,"0","100","0"
"421","Antigua and Barbuda",2001,"0","100","0"
"422","Antigua and Barbuda",2002,"0","100","0"
"423","Antigua and Barbuda",2003,"0","100","0"
"424","Antigua and Barbuda",2004,"0","100","0"
"425","Antigua and Barbuda",2005,"0","100","0"
"426","Antigua and Barbuda",2006,"0","100","0"
"427","Antigua and Barbuda",2007,"0","100","0"
"428","Antigua and Barbuda",2008,"0","100","0"
"429","Antigua and Barbuda",2009,"0","100","0"
"430","Antigua and Barbuda",2010,"0","100","0"
"431","Antigua and Barbuda",2011,"0","100","0"
"432","Antigua and Barbuda",2012,"0","100","0"
"433","Antigua and Barbuda",2013,"0","100","0"
"434","Antigua and Barbuda",2014,"0","100","0"
"435","Antigua and Barbuda",2015,"0","100","0"
"436","Antigua and Barbuda",2016,"0","100","0"
"437","Antigua and Barbuda",2017,"0","100","0"
"438","Antigua and Barbuda",2018,"0","100","0"
"439","Antigua and Barbuda",2019,"0","100","0"
"440","Antigua and Barbuda",2020,"0","100","0"
"441","Antigua and Barbuda",2021,"0","100","0"
"442","Argentina",1949,"25.28710461","69.68116605","5.031729341"
"443","Argentina",1950,"11.90262701","85.49808826","2.599284728"
"444","Argentina",1951,"16.30752863","81.39564861","2.296822759"
"445","Argentina",1952,"13.04031325","84.74083234","2.218854415"
"446","Argentina",1953,"9.176119203","88.41460738","2.40927342"
"447","Argentina",1954,"10.47301939","87.15489885","2.372081762"
"448","Argentina",1955,"8.373208063","89.21863477","2.408157162"
"449","Argentina",1956,"8.871865914","88.75274892","2.375385167"
"450","Argentina",1957,"7.280442435","90.18380111","2.535756452"
"451","Argentina",1958,"8.852840947","88.28821611","2.858942943"
"452","Argentina",1959,"7.856521474","89.67856535","2.464913177"
"453","Argentina",1960,"8.417502816","88.77070043","2.811796759"
"454","Argentina",1961,"7.515289414","89.43661191","3.048098673"
"455","Argentina",1962,"4.13716917","92.88246771","2.980363121"
"456","Argentina",1963,"5.213772132","91.9497206","2.836507264"
"457","Argentina",1964,"5.197401884","91.87784318","2.924754937"
"458","Argentina",1965,"5.045710361","91.78928876","3.165000881"
"459","Argentina",1966,"4.89185405","91.85044942","3.257696534"
"460","Argentina",1967,"5.395193866","91.38193242","3.22287371"
"461","Argentina",1968,"4.153167456","92.22474793","3.622084614"
"462","Argentina",1969,"3.966293378","92.74506665","3.288639968"
"463","Argentina",1970,"4.725089143","91.90482751","3.370083346"
"464","Argentina",1971,"3.904286399","92.44705179","3.648661808"
"465","Argentina",1972,"3.818000825","92.57673027","3.605268903"
"466","Argentina",1973,"3.75672236","92.89045683","3.352820806"
"467","Argentina",1974,"4.345128825","92.20278261","3.452088569"
"468","Argentina",1975,"4.778406082","91.61290681","3.608687108"
"469","Argentina",1976,"4.155390364","92.19889971","3.645709929"
"470","Argentina",1977,"3.449186213","92.74009837","3.810715419"
"471","Argentina",1978,"4.797896997","91.26095473","3.941148275"
"472","Argentina",1979,"4.187936748","91.94289211","3.869171138"
"473","Argentina",1980,"3.454784606","92.24981759","4.2953978"
"474","Argentina",1981,"3.87327796","91.7731696","4.353552438"
"475","Argentina",1982,"3.570305152","92.65090565","3.778789194"
"476","Argentina",1983,"2.973616299","93.2014888","3.824894906"
"477","Argentina",1984,"2.982092098","93.38120849","3.636699408"
"478","Argentina",1985,"4.232178231","92.21899255","3.548829216"
"479","Argentina",1986,"4.961554092","90.95825298","4.080192925"
"480","Argentina",1987,"5.146435763","90.53434087","4.319223362"
"481","Argentina",1988,"5.488403933","90.35373406","4.157862007"
"482","Argentina",1989,"6.264488575","90.32827559","3.407235839"
"483","Argentina",1990,"4.791509105","92.36520057","2.843290322"
"484","Argentina",1991,"4.067530994","92.61114166","3.32132735"
"485","Argentina",1992,"4.066347962","92.31407196","3.619580074"
"486","Argentina",1993,"3.186442493","92.99032945","3.823228059"
"487","Argentina",1994,"4.824672","91.04334095","4.131987046"
"488","Argentina",1995,"5.351187403","90.85891229","3.789900305"
"489","Argentina",1996,"4.338673582","92.27118982","3.390136598"
"490","Argentina",1997,"3.814239157","91.83359447","4.352166371"
"491","Argentina",1998,"3.751207293","91.91183907","4.336953635"
"492","Argentina",1999,"2.756176607","93.03501394","4.20880945"
"493","Argentina",2000,"2.304681438","93.83927214","3.856046426"
"494","Argentina",2001,"1.893681733","94.46351577","3.642802498"
"495","Argentina",2002,"1.822170579","95.3117075","2.86612192"
"496","Argentina",2003,"3.126930804","93.28964829","3.583420907"
"497","Argentina",2004,"3.023403244","93.26189442","3.714702334"
"498","Argentina",2005,"4.173577321","91.68769191","4.138730766"
"499","Argentina",2006,"4.316995538","91.47938601","4.203618453"
"500","Argentina",2007,"4.275597169","91.05438415","4.670018676"
"501","Argentina",2008,"4.016098741","91.850228","4.133673255"
"502","Argentina",2009,"3.613888074","92.12546424","4.260647683"
"503","Argentina",2010,"4.058543829","91.69178496","4.249671215"
"504","Argentina",2011,"4.908678427","90.325016","4.766305575"
"505","Argentina",2012,"5.284537474","90.30103208","4.414430444"
"506","Argentina",2013,"4.994462036","90.27839137","4.727146591"
"507","Argentina",2014,"5.879518973","89.51576695","4.604714076"
"508","Argentina",2015,"5.636241009","89.65098635","4.712772643"
"509","Argentina",2016,"4.518060543","91.13924239","4.342697068"
"510","Argentina",2017,"4.78168273","90.34431762","4.873999652"
"511","Argentina",2018,"5.241267565","89.50268578","5.256046651"
"512","Argentina",2019,"2.641898706","92.2541996","5.103901691"
"513","Argentina",2020,"3.428932777","92.01837214","4.552695079"
"514","Argentina",2021,"5.36342577","89.43507886","5.201495368"
"515","Armenia",1949,"45.90972513","52.87940578","1.210869088"
"516","Armenia",1950,"45.72560342","52.83321639","1.441180191"
"517","Armenia",1951,"45.7829957","52.64425117","1.572753131"
"518","Armenia",1952,"44.19072677","54.14129507","1.667978161"
"519","Armenia",1953,"42.852129","55.36073811","1.787132896"
"520","Armenia",1954,"42.28203142","55.76730792","1.950660658"
"521","Armenia",1955,"41.36381559","56.59300907","2.043175342"
"522","Armenia",1956,"39.50358286","58.41780067","2.078616472"
"523","Armenia",1957,"38.16063045","59.58315104","2.256218507"
"524","Armenia",1958,"36.2461042","61.25242896","2.501466847"
"525","Armenia",1959,"34.64529527","62.53110949","2.823595233"
"526","Armenia",1960,"32.62952311","64.11625241","3.254224478"
"527","Armenia",1961,"30.47922892","65.88989976","3.630871321"
"528","Armenia",1962,"27.99735703","68.01566317","3.986979794"
"529","Armenia",1963,"26.93980086","69.01096228","4.04923686"
"530","Armenia",1964,"26.15768429","69.6767734","4.165542302"
"531","Armenia",1965,"25.50700475","70.02688637","4.466108878"
"532","Armenia",1966,"24.82389685","70.45248617","4.723616983"
"533","Armenia",1967,"23.39555059","71.79079374","4.81365567"
"534","Armenia",1968,"22.1014918","73.0235499","4.874958293"
"535","Armenia",1969,"21.20459849","73.97548717","4.81991434"
"536","Armenia",1970,"20.87361759","74.43261771","4.693764708"
"537","Armenia",1971,"20.14446394","74.98299464","4.872541428"
"538","Armenia",1972,"19.3317576","75.82419847","4.844043929"
"539","Armenia",1973,"18.38276092","76.67353256","4.94370652"
"540","Armenia",1974,"17.39007742","77.53652589","5.073396691"
"541","Armenia",1975,"16.99990862","77.77342914","5.226662242"
"542","Armenia",1976,"17.03737959","77.7402516","5.222368817"
"543","Armenia",1977,"16.77581533","78.00145404","5.22273063"
"544","Armenia",1978,"15.78696496","79.173154","5.039881041"
"545","Armenia",1979,"15.77107096","79.35331962","4.875609417"
"546","Armenia",1980,"16.16943905","79.03939477","4.791166184"
"547","Armenia",1981,"14.71271403","80.18737313","5.099912836"
"548","Armenia",1982,"14.84491526","80.17501306","4.980071675"
"549","Armenia",1983,"14.72175438","80.0467525","5.231493121"
"550","Armenia",1984,"14.89849339","79.63171791","5.4697887"
"551","Armenia",1985,"16.51727603","78.2274092","5.255314775"
"552","Armenia",1986,"18.27358047","76.10704735","5.619372183"
"553","Armenia",1987,"20.03256211","73.64975503","6.317682858"
"554","Armenia",1988,"17.60725174","75.92634252","6.466405737"
"555","Armenia",1989,"17.52429791","75.56594852","6.909753565"
"556","Armenia",1990,"14.93651987","78.27822947","6.785250656"
"557","Armenia",1991,"16.31396684","75.60064001","8.085393156"
"558","Armenia",1992,"15.66466301","74.33036173","10.00497526"
"559","Armenia",1993,"0.6878427381","88.03890309","11.27325417"
"560","Armenia",1994,"8.679948757","85.79795502","5.522096221"
"561","Armenia",1995,"0.8968478149","82.06157506","17.04157712"
"562","Armenia",1996,"2.642663435","66.06658589","31.29075068"
"563","Armenia",1997,"2.480477411","66.35277074","31.16675185"
"564","Armenia",1998,"2.406687435","66.78524753","30.80806503"
"565","Armenia",1999,"0.946536449","75.72291592","23.33054763"
"566","Armenia",2000,"0","85.01554597","14.98445403"
"567","Armenia",2001,"0","84.40662458","15.59337542"
"568","Armenia",2002,"4.425418389","75.91321812","19.66136349"
"569","Armenia",2003,"5.968165441","76.09410937","17.93772519"
"570","Armenia",2004,"0","75.50626151","24.49373849"
"571","Armenia",2005,"0","74.78319809","25.21680191"
"572","Armenia",2006,"0.2904382097","72.89999065","26.80957114"
"573","Armenia",2007,"0.547980215","69.04901931","30.40300048"
"574","Armenia",2008,"0.5044087583","71.12163492","28.37395632"
"575","Armenia",2009,"0","79.7874657","20.2125343"
"576","Armenia",2010,"0.2819402785","77.53357659","22.18448313"
"577","Armenia",2011,"0.6039835883","77.61189109","21.78412532"
"578","Armenia",2012,"0.6194902731","75.88755846","23.49295127"
"579","Armenia",2013,"0.3282507033","76.48241386","23.18933544"
"580","Armenia",2014,"0.3295073766","77.75474285","21.91574977"
"581","Armenia",2015,"0.3512544734","76.56340373","23.08534179"
"582","Armenia",2016,"0.3802281369","83.64106547","15.97870639"
"583","Armenia",2017,"0.3400480297","80.60121531","19.05873666"
"584","Armenia",2018,"0.3194815749","72.20283592","27.4776825"
"585","Armenia",2019,"0.7872042076","74.78439972","24.42839607"
"586","Armenia",2020,"0.8523658874","72.32378422","26.82384989"
"587","Armenia",2021,"0.9280783856","73.71391188","25.35800973"
"588","Aruba",1949,"#DIV/0!","#DIV/0!","#DIV/0!"
"589","Aruba",1950,"0","100","0"
"590","Aruba",1951,"0","100","0"
"591","Aruba",1952,"0","100","0"
"592","Aruba",1953,"0","100","0"
"593","Aruba",1954,"0","100","0"
"594","Aruba",1955,"0","100","0"
"595","Aruba",1956,"0","100","0"
"596","Aruba",1957,"0","100","0"
"597","Aruba",1958,"0","100","0"
"598","Aruba",1959,"0","100","0"
"599","Aruba",1960,"0","100","0"
"600","Aruba",1961,"0","100","0"
"601","Aruba",1962,"0","100","0"
"602","Aruba",1963,"0","100","0"
"603","Aruba",1964,"0","100","0"
"604","Aruba",1965,"0","100","0"
"605","Aruba",1966,"0","100","0"
"606","Aruba",1967,"0","100","0"
"607","Aruba",1968,"0","100","0"
"608","Aruba",1969,"0","100","0"
"609","Aruba",1970,"0","100","0"
"610","Aruba",1971,"0","100","0"
"611","Aruba",1972,"0","100","0"
"612","Aruba",1973,"0","100","0"
"613","Aruba",1974,"0","100","0"
"614","Aruba",1975,"0","100","0"
"615","Aruba",1976,"0","100","0"
"616","Aruba",1977,"0","100","0"
"617","Aruba",1978,"0","100","0"
"618","Aruba",1979,"0","100","0"
"619","Aruba",1980,"0","100","0"
"620","Aruba",1981,"0","100","0"
"621","Aruba",1982,"0","100","0"
"622","Aruba",1983,"0","100","0"
"623","Aruba",1984,"0","100","0"
"624","Aruba",1985,"0","100","0"
"625","Aruba",1986,"0","100","0"
"626","Aruba",1987,"0","100","0"
"627","Aruba",1988,"0","100","0"
"628","Aruba",1989,"0","100","0"
"629","Aruba",1990,"0","100","0"
"630","Aruba",1991,"0","100","0"
"631","Aruba",1992,"0","100","0"
"632","Aruba",1993,"0","100","0"
"633","Aruba",1994,"0","100","0"
"634","Aruba",1995,"0","100","0"
"635","Aruba",1996,"0","100","0"
"636","Aruba",1997,"0","100","0"
"637","Aruba",1998,"0","100","0"
"638","Aruba",1999,"0","100","0"
"639","Aruba",2000,"0","100","0"
"640","Aruba",2001,"0","100","0"
"641","Aruba",2002,"0","100","0"
"642","Aruba",2003,"0","100","0"
"643","Aruba",2004,"0","100","0"
"644","Aruba",2005,"0","100","0"
"645","Aruba",2006,"0","100","0"
"646","Aruba",2007,"0","100","0"
"647","Aruba",2008,"0","100","0"
"648","Aruba",2009,"0","100","0"
"649","Aruba",2010,"0","100","0"
"650","Aruba",2011,"0","100","0"
"651","Aruba",2012,"0","100","0"
"652","Aruba",2013,"0","100","0"
"653","Aruba",2014,"0","100","0"
"654","Aruba",2015,"0","100","0"
"655","Aruba",2016,"0","100","0"
"656","Aruba",2017,"0","100","0"
"657","Aruba",2018,"0","100","0"
"658","Aruba",2019,"0","100","0"
"659","Aruba",2020,"0","100","0"
"660","Aruba",2021,"0","100","0"
"661","Australia",1949,"98.59057546","0","1.409424541"
"662","Australia",1950,"80.51091794","18.33383807","1.155243992"
"663","Australia",1951,"78.09126087","20.87440667","1.034332465"
"664","Australia",1952,"78.11691801","20.76625822","1.116823774"
"665","Australia",1953,"81.15169671","17.52131918","1.326984105"
"666","Australia",1954,"75.3771638","23.22994995","1.392886247"
"667","Australia",1955,"72.51357501","26.0928593","1.393565692"
"668","Australia",1956,"70.16984048","28.38200969","1.44814983"
"669","Australia",1957,"69.2810989","29.17771759","1.541183501"
"670","Australia",1958,"67.84761069","30.58831464","1.564074676"
"671","Australia",1959,"67.72268084","30.73170516","1.545614007"
"672","Australia",1960,"66.87340854","31.559359","1.567232455"
"673","Australia",1961,"66.2676216","32.17024235","1.562136048"
"674","Australia",1962,"64.84467362","33.62602645","1.529299933"
"675","Australia",1963,"63.14265995","35.33055635","1.526783692"
"676","Australia",1964,"61.66453163","36.68977379","1.64569458"
"677","Australia",1965,"58.80211468","39.64306741","1.554817906"
"678","Australia",1966,"59.39538768","39.09299751","1.511614808"
"679","Australia",1967,"58.3916211","40.14494883","1.463430076"
"680","Australia",1968,"56.94643338","41.61050985","1.44305677"
"681","Australia",1969,"55.05449055","43.44187857","1.503630879"
"682","Australia",1970,"51.33413996","47.12654855","1.539311493"
"683","Australia",1971,"49.9980923","48.44397753","1.557930171"
"684","Australia",1972,"51.31460599","47.07708793","1.608306085"
"685","Australia",1973,"48.50485256","49.9183512","1.576796239"
"686","Australia",1974,"51.80104995","46.63742933","1.561520724"
"687","Australia",1975,"51.95418555","46.56806323","1.47775122"
"688","Australia",1976,"53.92089696","44.56616044","1.512942598"
"689","Australia",1977,"54.47718777","44.12133379","1.401478437"
"690","Australia",1978,"55.35608422","43.33621773","1.307698045"
"691","Australia",1979,"56.60549531","42.03328613","1.361218559"
"692","Australia",1980,"58.1612582","40.53154442","1.307197385"
"693","Australia",1981,"57.74962","40.84200963","1.408370376"
"694","Australia",1982,"58.41855087","40.24585528","1.335593849"
"695","Australia",1983,"60.67281509","38.14774163","1.179443273"
"696","Australia",1984,"60.34184652","38.39275905","1.265394426"
"697","Australia",1985,"64.46341346","34.16301549","1.373571051"
"698","Australia",1986,"63.629811","34.99405525","1.376133747"
"699","Australia",1987,"65.03917464","33.69096182","1.269863547"
"700","Australia",1988,"65.19597609","33.44555478","1.358469129"
"701","Australia",1989,"65.60695644","33.02262866","1.370414899"
"702","Australia",1990,"60.58455993","37.93674791","1.478692161"
"703","Australia",1991,"61.50560029","37.15423987","1.340159839"
"704","Australia",1992,"62.28999622","36.49642441","1.213579368"
"705","Australia",1993,"61.64469459","37.12129176","1.234013651"
"706","Australia",1994,"61.33941848","37.24871224","1.411869275"
"707","Australia",1995,"61.01762048","37.66666344","1.315716075"
"708","Australia",1996,"61.13820705","37.62526213","1.236530821"
"709","Australia",1997,"62.27471298","36.54249262","1.182794397"
"710","Australia",1998,"63.37790794","35.38183917","1.240252891"
"711","Australia",1999,"63.80812867","34.96596967","1.225901668"
"712","Australia",2000,"63.68053144","35.07834191","1.24112665"
"713","Australia",2001,"64.1704878","34.63402869","1.195483509"
"714","Australia",2002,"63.89456136","34.93949771","1.165940924"
"715","Australia",2003,"63.32399172","35.51434726","1.161661028"
"716","Australia",2004,"63.28337722","35.60416468","1.112458097"
"717","Australia",2005,"62.54829279","36.30977813","1.141929083"
"718","Australia",2006,"62.75764378","36.04850292","1.1938533"
"719","Australia",2007,"62.24778304","36.53763396","1.214582993"
"720","Australia",2008,"61.85998764","36.97248552","1.167526843"
"721","Australia",2009,"62.0172877","36.83025025","1.152462049"
"722","Australia",2010,"61.01978254","37.900434","1.079783452"
"723","Australia",2011,"59.03744875","39.88841836","1.074132888"
"724","Australia",2012,"57.95734092","40.96457137","1.078087708"
"725","Australia",2013,"55.83740421","43.11947136","1.043124438"
"726","Australia",2014,"54.43464287","44.5495242","1.015832931"
"727","Australia",2015,"55.31656897","43.70654544","0.9768855884"
"728","Australia",2016,"56.13460998","42.9490837","0.9163063265"
"729","Australia",2017,"55.3894506","43.66527903","0.9452703762"
"730","Australia",2018,"53.59407483","45.47505318","0.9308719975"
